NODE_13_length_260793_cov_60.4614_ID_74475_6 -          86931 AMP-binding          PF00501.25   421         0 1308.4   0.3   1   5   5.6e-08   8.2e-07   21.6   0.0     8    73 10591 10662 10585 10669 0.90 -
NODE_13_length_260793_cov_60.4614_ID_74475_6 -          86931 AMP-binding          PF00501.25   421         0 1308.4   0.3   2   5  5.1e-108  7.4e-107  351.2   0.0     1   421 82710 83117 82710 83117 0.88 -
NODE_13_length_260793_cov_60.4614_ID_74475_6 -          86931 AMP-binding          PF00501.25   421         0 1308.4   0.3   3   5  1.2e-107  1.7e-106  350.0   0.0     1   421 83909 84331 83909 84331 0.90 -
NODE_13_length_260793_cov_60.4614_ID_74475_6 -          86931 AMP-binding          PF00501.25   421         0 1308.4   0.3   4   5   2.4e-92   3.4e-91  299.6   0.0     2   421 84994 85394 84993 85394 0.87 -
NODE_13_length_260793_cov_60.4614_ID_74475_6 -          86931 AMP-binding          PF00501.25   421         0 1308.4   0.3   5   5   4.8e-86     7e-85  278.8   0.4     3   421 86519 86891 86517 86891 0.86 -
NODE_28_length_120346_cov_55.5987_ID_74874_6 -          40115 AMP-binding          PF00501.25   421  1.6e-178  587.3   0.0   1   2   6.3e-88   9.2e-87  285.0   0.0     1   421  4341  4747  4341  4747 0.83 -
NODE_28_length_120346_cov_55.5987_ID_74874_6 -          40115 AMP-binding          PF00501.25   421  1.6e-178  587.3   0.0   2   2   1.4e-92     2e-91  300.4   0.0     1   421  5415  5809  5415  5809 0.87 -
NODE_3_length_438403_cov_54.4909_ID_64555_6  -          146134 AMP-binding          PF00501.25   421   3.6e-95  312.7   0.0   1   1   3.4e-96     5e-95  312.3   0.0     4   421 121575 121971 121572 121971 0.89 -
NODE_35_length_57568_cov_56.2495_ID_69215_6  -          19189 AMP-binding          PF00501.25   421   3.4e-84  276.6   0.0   1   1   3.4e-85   4.9e-84  276.0   0.0     2   420    72   527    71   528 0.83 -
NODE_40_length_50971_cov_57.7014_ID_70819_6  -          16990 AMP-binding          PF00501.25   421   1.8e-81  267.6   0.0   1   1   1.8e-82   2.7e-81  267.0   0.0    17   420  3505  3915  3491  3916 0.86 -
NODE_12_length_269791_cov_54.8961_ID_74768_6 -          89930 AMP-binding          PF00501.25   421   7.4e-07   21.8   0.0   1   1   8.6e-08   1.2e-06   21.0   0.0   164   369 13702 13923 13694 13952 0.77 -
NODE_11_length_287965_cov_54.1789_ID_73300_6 -          95988 AMP-binding          PF00501.25   421      0.31    3.2   0.8   1   1     0.036      0.52    2.5   0.8    35    93 19201 19258 19198 19271 0.86 -
NODE_82_length_278_cov_56.0045_ID_75290_6    -             93 AMP-binding          PF00501.25   421      0.39    2.9   0.0   1   1     0.032      0.46    2.7   0.0    23    44    23    43    13    55 0.82 -
NODE_89_length_156_cov_48.6337_ID_75330_6    -             52 AMP-binding          PF00501.25   421       4.1   -0.4   0.3   1   1      0.23       3.3   -0.1   0.3   241   259    19    37     1    51 0.51 -
NODE_64_length_4488_cov_120.814_ID_74662_6   -           1496 AMP-binding          PF00501.25   421       4.2   -0.5   0.0   1   1      0.49         7   -1.2   0.0    41    66   244   269   237   272 0.90 -
NODE_99_length_111_cov_10.8929_ID_64675_6    -             37 AMP-binding          PF00501.25   421       6.3   -1.0   0.3   1   1      0.38       5.4   -0.8   0.3   167   178    17    28     5    35 0.76 -
NODE_155_length_84_cov_14.3793_ID_69928_6    -             28 AMP-binding          PF00501.25   421       6.7   -1.1   0.0   1   1      0.39       5.7   -0.9   0.0    27    46     2    20     1    27 0.65 -
NODE_93_length_135_cov_33.125_ID_72528_6     -             45 AMP-binding          PF00501.25   421       7.9   -1.4   0.1   1   1       0.4       5.8   -0.9   0.1   336   366    19    39     1    45 0.52 -
NODE_18_length_189565_cov_54.6824_ID_73201_6 -          63188 AMP-binding          PF00501.25   421       8.9   -1.5   0.0   1   1       1.6        24   -2.9   0.0   392   410 41524 41541 41507 41543 0.75 -
NODE_14_length_246742_cov_54.2433_ID_65010_6 -          82247 AMP-binding          PF00501.25   421       9.8   -1.7   0.2   1   1       1.6        23   -2.9   0.2    55    98 37759 37805 37756 37836 0.73 -
