NODE_28_length_120346_cov_55.5987_ID_74874_5 -          40116 AMP-binding          PF00501.25   421  2.5e-260  856.8   0.0   1   3   3.4e-86   4.6e-85  279.4   0.2     3   421   677  1048   675  1048 0.86 -
NODE_28_length_120346_cov_55.5987_ID_74874_5 -          40116 AMP-binding          PF00501.25   421  2.5e-260  856.8   0.0   2   3   2.6e-91   3.6e-90  296.3   0.0     1   421  1708  2087  1708  2087 0.89 -
NODE_28_length_120346_cov_55.5987_ID_74874_5 -          40116 AMP-binding          PF00501.25   421  2.5e-260  856.8   0.0   3   3   1.4e-85     2e-84  277.3   0.0     1   421  2771  3176  2771  3176 0.84 -
NODE_3_length_438403_cov_54.4909_ID_64555_5  -          146135 AMP-binding          PF00501.25   421  1.1e-179  591.2   0.0   1   2   2.5e-91   3.3e-90  296.3   0.0     5   420 119377 119766 119373 119767 0.90 -
NODE_3_length_438403_cov_54.4909_ID_64555_5  -          146135 AMP-binding          PF00501.25   421  1.1e-179  591.2   0.0   2   2   2.8e-90   3.8e-89  292.9   0.0     1   420 120434 120829 120434 120830 0.88 -
NODE_18_length_189565_cov_54.6824_ID_73201_5 -          63189 AMP-binding          PF00501.25   421   3.2e-98  322.8   0.0   1   1   3.2e-99   4.4e-98  322.3   0.0     2   420 34905 35295 34904 35296 0.90 -
NODE_7_length_322510_cov_54.4356_ID_72278_5  -          107504 AMP-binding          PF00501.25   421     3e-97  319.6   0.2   1   1   3.6e-98   4.9e-97  318.9   0.2     3   420 31564 32032 31562 32033 0.87 -
NODE_20_length_169973_cov_54.2667_ID_72977_5 -          56658 AMP-binding          PF00501.25   421     8e-91  298.4   0.1   1   1   8.6e-92   1.2e-90  297.9   0.1     6   420 11143 11576 11137 11577 0.88 -
NODE_11_length_287965_cov_54.1789_ID_73300_5 -          95989 AMP-binding          PF00501.25   421   3.1e-84  276.7   0.0   1   1   3.1e-85   4.2e-84  276.3   0.0     2   421 15101 15502 15100 15502 0.89 -
NODE_6_length_324135_cov_54.7574_ID_73761_5  -          108045 AMP-binding          PF00501.25   421   6.4e-78  255.9   0.0   1   1   7.1e-79   9.6e-78  255.3   0.0     9   420 13019 13408 13014 13409 0.88 -
NODE_26_length_134310_cov_54.9464_ID_73502_5 -          44770 AMP-binding          PF00501.25   421   1.6e-73  241.4   0.0   1   1   1.9e-74   2.6e-73  240.7   0.0     8   420 35559 35954 35553 35955 0.88 -
NODE_73_length_967_cov_104.28_ID_75286_5     -            323 AMP-binding          PF00501.25   421   5.2e-62  203.5   3.5   1   1     2e-62   2.7e-61  201.1   3.5     3   351    26   322    24   323 0.84 -
NODE_78_length_672_cov_74.7407_ID_68214_5    -            224 AMP-binding          PF00501.25   421   4.1e-36  118.2   0.9   1   1   1.9e-36   2.6e-35  115.5   0.9    78   351     2   223     1   224 0.78 -
NODE_80_length_361_cov_54.5392_ID_73724_5    -            121 AMP-binding          PF00501.25   421      0.75    2.0   0.1   1   1     0.062      0.84    1.8   0.1    26    48    15    38    13    82 0.77 -
NODE_5_length_406983_cov_54.7157_ID_66258_5  -          135661 AMP-binding          PF00501.25   421       2.8    0.1   0.0   1   1       0.4       5.4   -0.8   0.0   217   315  3000  3126  2992  3152 0.76 -
NODE_100_length_111_cov_9.32143_ID_71894_5   -             37 AMP-binding          PF00501.25   421       3.2   -0.1   0.0   1   1      0.21       2.8    0.1   0.0   330   342    11    23     1    30 0.70 -
NODE_91_length_149_cov_101.043_ID_75326_5    -             50 AMP-binding          PF00501.25   421       6.2   -1.0   0.7   1   1      0.41       5.5   -0.9   0.7   166   169    22    25     3    48 0.49 -
NODE_214_length_57_cov_12.5_ID_73817_5       -             19 AMP-binding          PF00501.25   421       7.1   -1.2   0.0   1   1      0.43       5.9   -0.9   0.0   341   352     3    14     1    18 0.79 -
NODE_120_length_90_cov_18.3714_ID_71898_5    -             30 AMP-binding          PF00501.25   421       8.3   -1.4   0.0   1   1      0.59         8   -1.4   0.0    29    41    11    23     6    29 0.56 -
