NODE_12_length_269791_cov_54.8961_ID_74768_1 -          89931 AMP-binding          PF00501.25   421  3.2e-107  352.4   0.1   1   2  3.6e-108  7.7e-107  351.2   0.0     2   420 19297 19692 19296 19693 0.87 -
NODE_12_length_269791_cov_54.8961_ID_74768_1 -          89931 AMP-binding          PF00501.25   421  3.2e-107  352.4   0.1   2   2      0.71        15   -2.3   0.1    51    79 24100 24128 24098 24133 0.87 -
NODE_14_length_246742_cov_54.2433_ID_65010_1 -          82248 AMP-binding          PF00501.25   421  8.7e-101  331.2   0.1   1   2       1.1        24   -2.9   0.0   229   293 63522 63585 63512 63590 0.68 -
NODE_14_length_246742_cov_54.2433_ID_65010_1 -          82248 AMP-binding          PF00501.25   421  8.7e-101  331.2   0.1   2   2    9e-102  1.9e-100  330.1   0.0     2   420 74996 75403 74995 75404 0.88 -
NODE_53_length_10478_cov_60.2395_ID_71422_1  -           3493 AMP-binding          PF00501.25   421     4e-81  266.4   0.0   1   1   2.6e-82   5.7e-81  265.9   0.0     3   420  2461  2915  2459  2916 0.85 -
NODE_39_length_51311_cov_54.0001_ID_75414_1  -          17104 AMP-binding          PF00501.25   421   2.3e-46  151.9   0.0   1   1   1.7e-47   3.7e-46  151.3   0.0     4   419 15304 15733 15302 15735 0.85 -
NODE_4_length_407194_cov_54.4891_ID_72574_1  -          135732 AMP-binding          PF00501.25   421   3.5e-19   62.4   0.0   1   1   2.6e-20   5.6e-19   61.7   0.0     5   105 20956 21055 20952 21086 0.88 -
NODE_3_length_438403_cov_54.4909_ID_64555_1  -          146135 AMP-binding          PF00501.25   421   6.8e-13   41.7   0.1   1   1   5.1e-14   1.1e-12   41.0   0.1   164   368 101663 101859 101619 101862 0.83 -
NODE_28_length_120346_cov_55.5987_ID_74874_1 -          40116 AMP-binding          PF00501.25   421      0.12    4.6   0.0   1   1      0.01      0.22    3.7   0.0   224   263  9118  9158  9084  9193 0.87 -
NODE_89_length_156_cov_48.6337_ID_75330_1    -             52 AMP-binding          PF00501.25   421       1.8    0.7   0.5   1   1     0.082       1.8    0.8   0.5   220   254    10    43     3    51 0.58 -
NODE_83_length_241_cov_69.7473_ID_74308_1    -             81 AMP-binding          PF00501.25   421       4.7   -0.6   0.0   1   1      0.18       3.9   -0.3   0.0   243   265    17    39     2    78 0.62 -
NODE_129_length_89_cov_9.82353_ID_64462_1    -             30 AMP-binding          PF00501.25   421       8.7   -1.5   0.0   1   1      0.38       8.2   -1.4   0.0   353   373     6    26     2    28 0.70 -
