NODE_15_length_235388_cov_54.7119_ID_73866_2 -          78463 AMP-binding          PF00501.25   421  9.1e-276  907.7   0.0   1   3   2.4e-99   5.2e-98  322.1   0.0     1   421 28281 28678 28281 28678 0.90 -
NODE_15_length_235388_cov_54.7119_ID_73866_2 -          78463 AMP-binding          PF00501.25   421  9.1e-276  907.7   0.0   2   3     3e-94   6.5e-93  305.3   0.0     1   420 29764 30177 29764 30178 0.88 -
NODE_15_length_235388_cov_54.7119_ID_73866_2 -          78463 AMP-binding          PF00501.25   421  9.1e-276  907.7   0.0   3   3   1.3e-85   2.8e-84  276.8   0.0     1   421 31199 31600 31199 31600 0.87 -
NODE_19_length_174445_cov_54.5784_ID_74798_2 -          58148 AMP-binding          PF00501.25   421  5.6e-186  611.9   0.1   1   2  5.4e-102  1.2e-100  330.8   0.0     7   420  4525  4926  4522  4927 0.88 -
NODE_19_length_174445_cov_54.5784_ID_74798_2 -          58148 AMP-binding          PF00501.25   421  5.6e-186  611.9   0.1   2   2     3e-86   6.6e-85  278.9   0.0     4   420 45602 46055 45600 46056 0.88 -
NODE_9_length_294279_cov_54.7828_ID_74840_2  -          98093 AMP-binding          PF00501.25   421  1.1e-113  373.7   0.2   1   1  7.2e-115  1.6e-113  373.2   0.2     4   420 68667 69078 68664 69079 0.90 -
NODE_23_length_146921_cov_54.4256_ID_64765_2 -          48974 AMP-binding          PF00501.25   421   1.5e-90  297.5   0.1   1   1     1e-91   2.3e-90  296.9   0.1     4   420 14090 14541 14088 14542 0.89 -
NODE_7_length_322510_cov_54.4356_ID_72278_2  -          107503 AMP-binding          PF00501.25   421     4e-78  256.6   0.0   1   1   2.8e-79   6.2e-78  255.9   0.0     9   419 28741 29115 28736 29117 0.87 -
NODE_94_length_128_cov_75.8356_ID_75132_2    -             43 AMP-binding          PF00501.25   421      0.33    3.2   0.0   1   1     0.016      0.35    3.1   0.0   317   352     6    38     4    41 0.72 -
NODE_17_length_191491_cov_57.7976_ID_68777_2 -          63830 AMP-binding          PF00501.25   421      0.44    2.8   0.0   1   1     0.038      0.81    1.9   0.0   288   325 56165 56202 56122 56224 0.76 -
NODE_142_length_87_cov_13.25_ID_75316_2      -             29 AMP-binding          PF00501.25   421       2.8    0.1   0.0   1   1      0.12       2.5    0.3   0.0    20    35    13    28     5    29 0.80 -
NODE_171_length_79_cov_12.7917_ID_73933_2    -             26 AMP-binding          PF00501.25   421       6.3   -1.0   0.0   1   1      0.23       4.9   -0.7   0.0   342   356    11    24     2    26 0.67 -
NODE_106_length_102_cov_54.4894_ID_75364_2   -             34 AMP-binding          PF00501.25   421       6.6   -1.1   0.1   1   1      0.25       5.3   -0.8   0.1   212   231     4    22     1    33 0.57 -
