NODE_6_length_324135_cov_54.7574_ID_73761_3  -          108045 AMP-binding          PF00501.25   421  5.5e-182  598.7   0.1   1   2   9.9e-90   2.4e-88  290.2   0.0     4   421 57642 58054 57639 58054 0.86 -
NODE_6_length_324135_cov_54.7574_ID_73761_3  -          108045 AMP-binding          PF00501.25   421  5.5e-182  598.7   0.1   2   2   1.1e-94   2.7e-93  306.5   0.0     2   420 58195 58647 58194 58648 0.90 -
NODE_1_length_613667_cov_54.8977_ID_74144_3  -          204555 AMP-binding          PF00501.25   421  7.9e-103  337.9   0.2   1   2      0.43        10   -1.8   0.1   163   178 108650 108665 108638 108686 0.80 -
NODE_1_length_613667_cov_54.8977_ID_74144_3  -          204555 AMP-binding          PF00501.25   421  7.9e-103  337.9   0.2   2   2  9.3e-104  2.3e-102  336.4   0.0     2   420 122969 123412 122968 123413 0.89 -
NODE_11_length_287965_cov_54.1789_ID_73300_3 -          95988 AMP-binding          PF00501.25   421   7.5e-92  301.8   0.1   1   1   5.1e-93   1.2e-91  301.1   0.1     4   420 35193 35645 35190 35646 0.86 -
NODE_3_length_438403_cov_54.4909_ID_64555_3  -          146134 AMP-binding          PF00501.25   421   4.8e-82  269.5   0.0   1   1   2.9e-83   6.9e-82  269.0   0.0     2   420 27418 27842 27417 27843 0.89 -
NODE_9_length_294279_cov_54.7828_ID_74840_3  -          98093 AMP-binding          PF00501.25   421   2.1e-71  234.5   0.0   1   1   1.2e-72   2.9e-71  234.0   0.0     5   420 68125 68526 68121 68527 0.86 -
NODE_25_length_137123_cov_55.7977_ID_67404_3 -          45707 AMP-binding          PF00501.25   421   3.7e-05   16.2   0.0   1   1   2.5e-06   6.1e-05   15.5   0.0    12    96 27996 28079 27989 28089 0.92 -
NODE_91_length_149_cov_101.043_ID_75326_3    -             49 AMP-binding          PF00501.25   421       1.9    0.6   0.9   1   1     0.073       1.8    0.8   0.9   243   261    12    30     1    45 0.57 -
NODE_106_length_102_cov_54.4894_ID_75364_3   -             34 AMP-binding          PF00501.25   421       6.1   -1.0   0.0   1   1      0.21         5   -0.7   0.0   288   299    14    25     1    33 0.45 -
NODE_183_length_75_cov_11.75_ID_75370_3      -             25 AMP-binding          PF00501.25   421       7.6   -1.3   0.1   1   1      0.26       6.2   -1.0   0.1    66    79     5    18     1    24 0.60 -
